<?xml version="1.0"?>
<opencv_storage>
<Q type_id="opencv-matrix">
  <rows>4</rows>
  <cols>4</cols>
  <dt>d</dt>
  <data>
    1. 0. 0. -660.262817
    0. 1. 0. -397.718628
    0. 0. 0. 788.936829
    0. 0. -13.33333 0.
  </data>
</Q>
</opencv_storage>
