<?xml version="1.0"?>
<opencv_storage>
<Q type_id="opencv-matrix">
  <rows>4</rows>
  <cols>4</cols>
  <dt>d</dt>
  <data>
    1. 0. 0. -1953.194824
    0. 1. 0. -1068.689209
    0. 0. 0. 3090.419189
    0. 0. -13.33333 0.
  </data>
</Q>
</opencv_storage>
